   10.0000000       19339.9727    
   9.80000019       14264.8447    
   9.60400009       14264.8447    
   9.41192055       10770.3115    
   9.22368240       10770.3115    
   9.03920937       10770.3115    
   8.85842514       10770.3115    
   8.68125725       10770.3115    
   8.50763226       10728.5400    
   8.33747959       9864.91309    
   8.17073059       9864.91309    
   8.00731659       9864.91309    
   7.84717035       9864.91309    
   7.69022703       9864.91309    
   7.53642273       9864.91309    
   7.38569450       9518.52441    
   7.23798084       9518.52441    
   7.09322119       9518.52441    
   6.95135689       9518.52441    
   6.81232977       9518.52441    
   6.67608309       9518.52441    
   6.54256153       9518.52441    
   6.41171026       9518.52441    
   6.28347635       9518.52441    
   6.15780687       9518.52441    
   6.03465080       9518.52441    
   5.91395807       8042.25928    
   5.79567909       8042.25928    
   5.67976570       7480.19189    
   5.56617069       7480.19189    
   5.45484734       7480.19189    
   5.34575033       7480.19189    
   5.23883533       7480.19189    
   5.13405895       7480.19189    
   5.03137779       7480.19189    
   4.93075037       7480.19189    
   4.83213568       7480.19189    
   4.73549318       7480.19189    
   4.64078331       7480.19189    
   4.54796791       7480.19189    
   4.45700884       7480.19189    
   4.36786890       7480.19189    
   4.28051138       7480.19189    
   4.19490147       7480.19189    
   4.11100340       7480.19189    
   4.02878332       6859.76562    
   3.94820762       6859.76562    
   3.86924362       6859.76562    
   3.79185891       6859.76562    
   3.71602178       6859.76562    
   3.64170146       6859.76562    
   3.56886744       6859.76562    
   3.49749017       6859.76562    
   3.42754054       6859.76562    
   3.35898972       6859.76562    
   3.29181004       6859.76562    
   3.22597384       6859.76562    
   3.16145444       6859.76562    
   3.09822536       6859.76562    
   3.03626084       6859.76562    
   2.97553563       6859.76562    
   2.91602492       6859.76562    
   2.85770440       6859.76562    
   2.80055046       6859.76562    
   2.74453950       6859.76562    
   2.68964887       6859.76562    
   2.63585591       6859.76562    
   2.58313894       6859.76562    
   2.53147626       6859.76562    
   2.48084688       6859.76562    
   2.43123007       6859.76562    
   2.38260555       6859.76562    
   2.33495355       6859.76562    
   2.28825450       6859.76562    
   2.24248934       6859.76562    
   2.19763970       6859.76562    
   2.15368700       6859.76562    
   2.11061335       6859.76562    
   2.06840110       6859.76562    
   2.02703309       6859.76562    
   1.98649251       6859.76562    
   1.94676268       6859.76562    
   1.90782750       6859.76562    
   1.86967099       6859.76562    
   1.83227766       6859.76562    
   1.79563212       6859.76562    
   1.75971949       6859.76562    
   1.72452509       6859.76562    
   1.69003463       6859.76562    
   1.65623403       6859.76562    
   1.62310934       6859.76562    
   1.59064722       6859.76562    
   1.55883431       6859.76562    
   1.52765763       6859.76562    
   1.49710453       6859.76562    
   1.46716249       6859.76562    
   1.43781924       6859.76562    
   1.40906286       6859.76562    
   1.38088167       6859.76562    
   1.35326409       6859.76562    
   1.32619882       6859.76562    
   1.29967487       6859.76562    
   1.27368140       6859.76562    
   1.24820781       6859.76562    
   1.22324371       6859.76562    
   1.19877887       6859.76562    
   1.17480326       6859.76562    
   1.15130723       6859.76562    
   1.12828112       6859.76562    
   1.10571551       6859.76562    
   1.08360124       6859.76562    
   1.06192923       6859.76562    
   1.04069066       6859.76562    
   1.01987684       6859.76562    
  0.999479294       6859.76562    
  0.979489744       6859.76562    
  0.959899962       6859.76562    
  0.940701962       6857.67480    
  0.921887934       6857.67480    
  0.903450191       6857.67480    
  0.885381222       6857.67480    
  0.867673635       6857.67480    
  0.850320160       6857.67480    
  0.833313763       6857.67480    
  0.816647530       6857.67480    
  0.800314605       6857.67480    
  0.784308314       6857.67480    
  0.768622160       6857.67480    
  0.753249705       6857.67480    
  0.738184750       6857.67480    
  0.723421097       6857.67480    
  0.708952665       6857.67480    
  0.694773614       6857.67480    
  0.680878162       6857.67480    
  0.667260587       6857.67480    
  0.653915405       6857.67480    
  0.640837133       6857.67480    
  0.628020406       6857.67480    
  0.615460038       6857.67480    
  0.603150845       6857.67480    
  0.591087818       6857.67480    
  0.579266071       6857.67480    
  0.567680776       6857.67480    
  0.556327164       6857.67480    
  0.545200646       6857.67480    
  0.534296632       6857.67480    
  0.523610711       6857.67480    
  0.513138533       6857.67480    
  0.502875745       6857.67480    
  0.492818236       6857.67480    
  0.482961893       6857.67480    
  0.473302662       6857.67480    
  0.463836610       6857.67480    
  0.454559892       6857.67480    
  0.445468694       6857.67480    
  0.436559319       6857.67480    
  0.427828133       6857.67480    
  0.419271588       6857.67480    
  0.410886168       6857.67480    
  0.402668446       6857.67480    
  0.394615084       6857.67480    
  0.386722803       6857.67480    
  0.378988355       6857.67480    
  0.371408582       6857.67480    
  0.363980412       6857.67480    
  0.356700808       6857.67480    
  0.349566787       6857.67480    
  0.342575461       6857.67480    
  0.335723966       6857.67480    
  0.329009503       6857.67480    
  0.322429329       6857.67480    
  0.315980762       6857.67480    
  0.309661150       6857.67480    
  0.303467929       6857.67480    
  0.297398567       6857.67480    
  0.291450590       6857.67480    
  0.285621583       6857.67480    
  0.279909164       6857.67480    
  0.274310976       6857.67480    
  0.268824756       6857.67480    
  0.263448268       6857.67480    
  0.258179307       6857.67480    
  0.253015727       6857.67480    
  0.247955412       6857.67480    
  0.242996305       6857.67480    
  0.238136381       6857.67480    
  0.233373657       6857.67480    
  0.228706181       6857.67480    
  0.224132061       6857.67480    
  0.219649419       6857.67480    
  0.215256438       6857.67480    
  0.210951313       6857.67480    
  0.206732288       6857.67480    
  0.202597648       6857.67480    
  0.198545694       6857.67480    
  0.194574788       6857.67480    
  0.190683290       6857.67480    
  0.186869621       6857.67480    
  0.183132231       6857.67480    
  0.179469585       6857.67480    
  0.175880194       6857.67480    
  0.172362596       6857.67480    
  0.168915346       6857.67480    
  0.165537044       6857.67480    
  0.162226304       6857.67480    
  0.158981785       6857.67480    
  0.155802146       6857.67480    
  0.152686104       6857.67480    
  0.149632379       6857.67480    
  0.146639735       6857.67480    
  0.143706948       6857.67480    
  0.140832812       6857.67480    
  0.138016164       6857.67480    
  0.135255843       6857.67480    
  0.132550731       6857.67480    
  0.129899725       6857.67480    
  0.127301738       6857.67480    
  0.124755703       6857.67480    
  0.122260593       6857.67480    
  0.119815387       6857.67480    
  0.117419079       6857.67480    
  0.115070701       6857.67480    
  0.112769291       6857.67480    
  0.110513911       6857.67480    
  0.108303636       6857.67480    
  0.106137566       6857.67480    
  0.104014814       6857.67480    
  0.101934522       6857.67480    
   9.98958349E-02   6857.67480    
   9.78979170E-02   6857.67480    
   9.59399641E-02   6857.67480    
   9.40211639E-02   6857.67480    
   9.21407416E-02   6857.67480    
   9.02979299E-02   6857.67480    
   8.84919763E-02   6857.67480    
   8.67221355E-02   6857.67480    
   8.49876925E-02   6857.67480    
   8.32879394E-02   6857.67480    
   8.16221833E-02   6857.67480    
   7.99897388E-02   6857.67480    
   7.83899426E-02   6857.67480    
   7.68221468E-02   6857.67480    
   7.52857029E-02   6857.67480    
   7.37799928E-02   6857.67480    
   7.23043978E-02   6857.67480    
   7.08583146E-02   6857.67480    
   6.94411471E-02   6857.67480    
   6.80523291E-02   6857.67480    
   6.66912869E-02   6857.67480    
   6.53574616E-02   6857.67480    
   6.40503168E-02   6857.67480    
   6.27693087E-02   6857.67480    
   6.15139231E-02   6857.67480    
   6.02836460E-02   6857.67480    
   5.90779744E-02   6857.67480    
   5.78964166E-02   6857.67480    
   5.67384884E-02   6857.67480    
   5.56037202E-02   6857.67480    
   5.44916466E-02   6857.67480    
   5.34018129E-02   6857.67480    
   5.23337759E-02   6857.67480    
   5.12870997E-02   6857.67480    
   5.02613597E-02   6857.67480    
   4.92561348E-02   6857.67480    
   4.82710116E-02   6857.67480    
   4.73055914E-02   6857.67480    
   4.63594794E-02   6857.67480    
   4.54322919E-02   6857.67480    
   4.45236452E-02   6857.67480    
   4.36331742E-02   6857.67480    
   4.27605100E-02   6857.67480    
   4.19052988E-02   6857.67480    
   4.10671942E-02   6857.67480    
   4.02458496E-02   6857.67480    
   3.94409336E-02   6857.67480    
   3.86521146E-02   6857.67480    
   3.78790721E-02   6857.67480    
   3.71214896E-02   6857.67480    
   3.63790616E-02   6857.67480    
   3.56514826E-02   6857.67480    
   3.49384546E-02   6857.67480    
   3.42396870E-02   6857.67480    
   3.35548930E-02   6857.67480    
   3.28837968E-02   6857.67480    
   3.22261229E-02   6857.67480    
   3.15815993E-02   6857.67480    
   3.09499670E-02   6857.67480    
   3.03309690E-02   6857.67480    
   2.97243502E-02   6857.67480    
   2.91298646E-02   6857.67480    
   2.85472684E-02   6857.67480    
   2.79763229E-02   6857.67480    
   2.74167974E-02   6857.67480    
   2.68684626E-02   6857.67480    
   2.63310932E-02   6819.32715    
   2.58044712E-02   6819.32715    
   2.52883825E-02   6819.32715    
   2.47826148E-02   6819.32715    
   2.42869630E-02   6819.32715    
   2.38012243E-02   6819.32715    
   2.33252011E-02   6819.32715    
   2.28586979E-02   6819.32715    
   2.24015247E-02   6819.32715    
   2.19534952E-02   6819.32715    
   2.15144251E-02   6819.32715    
   2.10841373E-02   6819.32715    
   2.06624549E-02   6819.32715    
   2.02492066E-02   6819.32715    
   1.98442228E-02   6819.32715    
   1.94473378E-02   6819.32715    
   1.90583915E-02   6819.32715    
   1.86772235E-02   6819.32715    
   1.83036793E-02   6819.32715    
   1.79376062E-02   6819.32715    
   1.75788552E-02   6819.32715    
   1.72272790E-02   6819.32715    
   1.68827344E-02   6819.32715    
   1.65450796E-02   6819.32715    
   1.62141789E-02   6819.32715    
   1.58898961E-02   6819.32715    
   1.55720981E-02   6819.32715    
   1.52606564E-02   6819.32715    
   1.49554433E-02   6819.32715    
   1.46563351E-02   6819.32715    
   1.43632088E-02   6819.32715    
   1.40759451E-02   6819.32715    
   1.37944268E-02   6819.32715    
   1.35185383E-02   6819.32715    
   1.32481679E-02   6819.32715    
   1.29832048E-02   6819.32715    
   1.27235409E-02   6819.32715    
   1.24690700E-02   6819.32715    
   1.22196889E-02   6819.32715    
   1.19752949E-02   6819.32715    
   1.17357895E-02   6819.32715    
   1.15010738E-02   6819.32715    
   1.12710530E-02   6819.32715    
   1.10456320E-02   6819.32715    
   1.08247194E-02   6819.32715    
   1.06082251E-02   6775.86035    
   1.03960605E-02   6775.86035    
   1.01881400E-02   6775.86035    
   9.98437777E-03   6775.86035    
